{
  "generated_at": "2026-06-03T23:34:11.887184",
  "method": "pearson",
  "num_keywords": 25,
  "keywords": [
    "CBD for dogs",
    "best dog food",
    "dog DNA test",
    "dog allergies",
    "dog anxiety",
    "dog boarding",
    "dog breeding business",
    "dog daycare",
    "dog food delivery",
    "dog health app",
    "dog photography",
    "dog probiotic",
    "dog separation anxiety",
    "dog skin problems",
    "dog subscription box",
    "dog supplements",
    "dog toys",
    "dog training",
    "fresh dog food",
    "hypoallergenic dogs",
    "pet insurance",
    "pet tech",
    "pet wellness",
    "puppy training",
    "veterinary telehealth"
  ],
  "matrix": [
    [
      1.0,
      0.428,
      0.1886,
      0.2271,
      0.4049,
      -0.026,
      -0.0483,
      -0.1238,
      0.2351,
      0.2794,
      0.3505,
      0.0839,
      0.2345,
      -0.1186,
      0.1487,
      0.2061,
      0.2997,
      0.2581,
      0.2232,
      0.2422,
      0.3869,
      0.2911,
      0.2834,
      0.0767,
      -0.0739
    ],
    [
      0.428,
      1.0,
      0.6894,
      0.6284,
      0.8751,
      -0.2166,
      -0.2737,
      0.0885,
      0.8294,
      0.82,
      0.8359,
      0.7272,
      0.382,
      -0.1453,
      0.5815,
      0.8657,
      0.8416,
      0.8533,
      0.7826,
      0.4789,
      0.5387,
      0.8576,
      0.7531,
      0.7261,
      -0.2001
    ],
    [
      0.1886,
      0.6894,
      1.0,
      0.5338,
      0.613,
      -0.1196,
      -0.1473,
      -0.0167,
      0.6764,
      0.5238,
      0.5964,
      0.7541,
      0.3175,
      0.0947,
      0.6731,
      0.7603,
      0.7162,
      0.7065,
      0.7793,
      0.5541,
      0.1446,
      0.7027,
      0.5963,
      0.6918,
      -0.0389
    ],
    [
      0.2271,
      0.6284,
      0.5338,
      1.0,
      0.5882,
      -0.1214,
      -0.1188,
      -0.1603,
      0.4637,
      0.3851,
      0.5546,
      0.508,
      0.2451,
      -0.0795,
      0.4287,
      0.5631,
      0.5688,
      0.5549,
      0.5752,
      0.5937,
      0.1544,
      0.5224,
      0.4428,
      0.5087,
      -0.1133
    ],
    [
      0.4049,
      0.8751,
      0.613,
      0.5882,
      1.0,
      -0.2401,
      -0.2265,
      0.1449,
      0.7791,
      0.7092,
      0.8752,
      0.7395,
      0.4696,
      -0.2102,
      0.6225,
      0.8271,
      0.8008,
      0.8726,
      0.7753,
      0.2807,
      0.567,
      0.8386,
      0.7698,
      0.6492,
      -0.0537
    ],
    [
      -0.026,
      -0.2166,
      -0.1196,
      -0.1214,
      -0.2401,
      1.0,
      0.2019,
      0.3336,
      -0.1865,
      -0.2071,
      -0.2517,
      -0.1712,
      -0.0855,
      0.012,
      -0.0448,
      -0.1922,
      -0.2082,
      -0.2145,
      -0.1263,
      -0.1762,
      0.1297,
      -0.2254,
      -0.0169,
      0.007,
      0.0018
    ],
    [
      -0.0483,
      -0.2737,
      -0.1473,
      -0.1188,
      -0.2265,
      0.2019,
      1.0,
      -0.0656,
      -0.2216,
      -0.2877,
      -0.2307,
      -0.1571,
      -0.0493,
      0.118,
      -0.0966,
      -0.2288,
      -0.1346,
      -0.1675,
      -0.1547,
      -0.0225,
      -0.1718,
      -0.2325,
      -0.204,
      -0.1547,
      0.1145
    ],
    [
      -0.1238,
      0.0885,
      -0.0167,
      -0.1603,
      0.1449,
      0.3336,
      -0.0656,
      1.0,
      0.15,
      0.1224,
      0.1357,
      0.154,
      -0.0277,
      -0.1292,
      0.0973,
      0.1802,
      0.0575,
      0.1522,
      0.0824,
      -0.3279,
      0.4621,
      0.1517,
      0.2421,
      0.2396,
      0.0391
    ],
    [
      0.2351,
      0.8294,
      0.6764,
      0.4637,
      0.7791,
      -0.1865,
      -0.2216,
      0.15,
      1.0,
      0.7247,
      0.8319,
      0.8369,
      0.2839,
      -0.0465,
      0.7138,
      0.8551,
      0.835,
      0.8662,
      0.8372,
      0.3214,
      0.5062,
      0.8757,
      0.8419,
      0.7531,
      -0.1069
    ],
    [
      0.2794,
      0.82,
      0.5238,
      0.3851,
      0.7092,
      -0.2071,
      -0.2877,
      0.1224,
      0.7247,
      1.0,
      0.6843,
      0.5561,
      0.3183,
      -0.1101,
      0.4499,
      0.7035,
      0.6557,
      0.6965,
      0.6191,
      0.2663,
      0.5562,
      0.7171,
      0.6216,
      0.5721,
      -0.1544
    ],
    [
      0.3505,
      0.8359,
      0.5964,
      0.5546,
      0.8752,
      -0.2517,
      -0.2307,
      0.1357,
      0.8319,
      0.6843,
      1.0,
      0.8148,
      0.324,
      -0.1429,
      0.6721,
      0.8486,
      0.8916,
      0.9251,
      0.8398,
      0.2825,
      0.5924,
      0.9279,
      0.8511,
      0.6534,
      -0.1015
    ],
    [
      0.0839,
      0.7272,
      0.7541,
      0.508,
      0.7395,
      -0.1712,
      -0.1571,
      0.154,
      0.8369,
      0.5561,
      0.8148,
      1.0,
      0.2893,
      -0.0249,
      0.8118,
      0.9062,
      0.9042,
      0.9153,
      0.953,
      0.365,
      0.3121,
      0.9085,
      0.8308,
      0.8,
      -0.0546
    ],
    [
      0.2345,
      0.382,
      0.3175,
      0.2451,
      0.4696,
      -0.0855,
      -0.0493,
      -0.0277,
      0.2839,
      0.3183,
      0.324,
      0.2893,
      1.0,
      0.0123,
      0.3244,
      0.2806,
      0.3214,
      0.3608,
      0.3062,
      0.2833,
      0.1869,
      0.3395,
      0.2936,
      0.2224,
      0.1277
    ],
    [
      -0.1186,
      -0.1453,
      0.0947,
      -0.0795,
      -0.2102,
      0.012,
      0.118,
      -0.1292,
      -0.0465,
      -0.1101,
      -0.1429,
      -0.0249,
      0.0123,
      1.0,
      -0.0431,
      -0.1209,
      -0.1096,
      -0.1061,
      -0.0382,
      0.0789,
      -0.0942,
      -0.098,
      -0.0333,
      -0.0699,
      0.0185
    ],
    [
      0.1487,
      0.5815,
      0.6731,
      0.4287,
      0.6225,
      -0.0448,
      -0.0966,
      0.0973,
      0.7138,
      0.4499,
      0.6721,
      0.8118,
      0.3244,
      -0.0431,
      1.0,
      0.7126,
      0.7032,
      0.7439,
      0.8095,
      0.3228,
      0.2044,
      0.7215,
      0.669,
      0.7171,
      -0.0941
    ],
    [
      0.2061,
      0.8657,
      0.7603,
      0.5631,
      0.8271,
      -0.1922,
      -0.2288,
      0.1802,
      0.8551,
      0.7035,
      0.8486,
      0.9062,
      0.2806,
      -0.1209,
      0.7126,
      1.0,
      0.9026,
      0.928,
      0.9033,
      0.4009,
      0.4621,
      0.9232,
      0.8229,
      0.7762,
      -0.1076
    ],
    [
      0.2997,
      0.8416,
      0.7162,
      0.5688,
      0.8008,
      -0.2082,
      -0.1346,
      0.0575,
      0.835,
      0.6557,
      0.8916,
      0.9042,
      0.3214,
      -0.1096,
      0.7032,
      0.9026,
      1.0,
      0.9464,
      0.9309,
      0.4683,
      0.4099,
      0.9437,
      0.8283,
      0.7423,
      -0.0771
    ],
    [
      0.2581,
      0.8533,
      0.7065,
      0.5549,
      0.8726,
      -0.2145,
      -0.1675,
      0.1522,
      0.8662,
      0.6965,
      0.9251,
      0.9153,
      0.3608,
      -0.1061,
      0.7439,
      0.928,
      0.9464,
      1.0,
      0.9312,
      0.3366,
      0.5046,
      0.9588,
      0.8678,
      0.7609,
      -0.0338
    ],
    [
      0.2232,
      0.7826,
      0.7793,
      0.5752,
      0.7753,
      -0.1263,
      -0.1547,
      0.0824,
      0.8372,
      0.6191,
      0.8398,
      0.953,
      0.3062,
      -0.0382,
      0.8095,
      0.9033,
      0.9309,
      0.9312,
      1.0,
      0.4079,
      0.3607,
      0.9323,
      0.8572,
      0.7876,
      -0.0918
    ],
    [
      0.2422,
      0.4789,
      0.5541,
      0.5937,
      0.2807,
      -0.1762,
      -0.0225,
      -0.3279,
      0.3214,
      0.2663,
      0.2825,
      0.365,
      0.2833,
      0.0789,
      0.3228,
      0.4009,
      0.4683,
      0.3366,
      0.4079,
      1.0,
      -0.1947,
      0.3453,
      0.1558,
      0.4565,
      -0.145
    ],
    [
      0.3869,
      0.5387,
      0.1446,
      0.1544,
      0.567,
      0.1297,
      -0.1718,
      0.4621,
      0.5062,
      0.5562,
      0.5924,
      0.3121,
      0.1869,
      -0.0942,
      0.2044,
      0.4621,
      0.4099,
      0.5046,
      0.3607,
      -0.1947,
      1.0,
      0.5275,
      0.6325,
      0.2831,
      -0.1399
    ],
    [
      0.2911,
      0.8576,
      0.7027,
      0.5224,
      0.8386,
      -0.2254,
      -0.2325,
      0.1517,
      0.8757,
      0.7171,
      0.9279,
      0.9085,
      0.3395,
      -0.098,
      0.7215,
      0.9232,
      0.9437,
      0.9588,
      0.9323,
      0.3453,
      0.5275,
      1.0,
      0.8981,
      0.7573,
      -0.0889
    ],
    [
      0.2834,
      0.7531,
      0.5963,
      0.4428,
      0.7698,
      -0.0169,
      -0.204,
      0.2421,
      0.8419,
      0.6216,
      0.8511,
      0.8308,
      0.2936,
      -0.0333,
      0.669,
      0.8229,
      0.8283,
      0.8678,
      0.8572,
      0.1558,
      0.6325,
      0.8981,
      1.0,
      0.6791,
      -0.0824
    ],
    [
      0.0767,
      0.7261,
      0.6918,
      0.5087,
      0.6492,
      0.007,
      -0.1547,
      0.2396,
      0.7531,
      0.5721,
      0.6534,
      0.8,
      0.2224,
      -0.0699,
      0.7171,
      0.7762,
      0.7423,
      0.7609,
      0.7876,
      0.4565,
      0.2831,
      0.7573,
      0.6791,
      1.0,
      -0.0739
    ],
    [
      -0.0739,
      -0.2001,
      -0.0389,
      -0.1133,
      -0.0537,
      0.0018,
      0.1145,
      0.0391,
      -0.1069,
      -0.1544,
      -0.1015,
      -0.0546,
      0.1277,
      0.0185,
      -0.0941,
      -0.1076,
      -0.0771,
      -0.0338,
      -0.0918,
      -0.145,
      -0.1399,
      -0.0889,
      -0.0824,
      -0.0739,
      1.0
    ]
  ],
  "categories": {
    "CBD for dogs": "dog_products",
    "best dog food": "dog_health",
    "dog DNA test": "dog_products",
    "dog allergies": "dog_health",
    "dog anxiety": "dog_health",
    "dog boarding": "dog_services",
    "dog breeding business": "dog_tech_investment",
    "dog daycare": "dog_services",
    "dog food delivery": "dog_products",
    "dog health app": "dog_tech_investment",
    "dog photography": "dog_services",
    "dog probiotic": "dog_health",
    "dog separation anxiety": "dog_health",
    "dog skin problems": "dog_health",
    "dog subscription box": "dog_products",
    "dog supplements": "dog_products",
    "dog toys": "dog_products",
    "dog training": "dog_services",
    "fresh dog food": "dog_products",
    "hypoallergenic dogs": "dog_health",
    "pet insurance": "dog_products",
    "pet tech": "dog_tech_investment",
    "pet wellness": "dog_tech_investment",
    "puppy training": "dog_health",
    "veterinary telehealth": "dog_tech_investment"
  },
  "top_correlated_pairs": [
    {
      "keyword_a": "dog training",
      "keyword_b": "pet tech",
      "correlation": 0.9588
    },
    {
      "keyword_a": "dog probiotic",
      "keyword_b": "fresh dog food",
      "correlation": 0.953
    },
    {
      "keyword_a": "dog toys",
      "keyword_b": "dog training",
      "correlation": 0.9464
    },
    {
      "keyword_a": "dog toys",
      "keyword_b": "pet tech",
      "correlation": 0.9437
    },
    {
      "keyword_a": "fresh dog food",
      "keyword_b": "pet tech",
      "correlation": 0.9323
    },
    {
      "keyword_a": "dog training",
      "keyword_b": "fresh dog food",
      "correlation": 0.9312
    },
    {
      "keyword_a": "dog toys",
      "keyword_b": "fresh dog food",
      "correlation": 0.9309
    },
    {
      "keyword_a": "dog supplements",
      "keyword_b": "dog training",
      "correlation": 0.928
    },
    {
      "keyword_a": "dog photography",
      "keyword_b": "pet tech",
      "correlation": 0.9279
    },
    {
      "keyword_a": "dog photography",
      "keyword_b": "dog training",
      "correlation": 0.9251
    },
    {
      "keyword_a": "dog supplements",
      "keyword_b": "pet tech",
      "correlation": 0.9232
    },
    {
      "keyword_a": "dog probiotic",
      "keyword_b": "dog training",
      "correlation": 0.9153
    },
    {
      "keyword_a": "dog probiotic",
      "keyword_b": "pet tech",
      "correlation": 0.9085
    },
    {
      "keyword_a": "dog probiotic",
      "keyword_b": "dog supplements",
      "correlation": 0.9062
    },
    {
      "keyword_a": "dog probiotic",
      "keyword_b": "dog toys",
      "correlation": 0.9042
    },
    {
      "keyword_a": "dog supplements",
      "keyword_b": "fresh dog food",
      "correlation": 0.9033
    },
    {
      "keyword_a": "dog supplements",
      "keyword_b": "dog toys",
      "correlation": 0.9026
    },
    {
      "keyword_a": "pet tech",
      "keyword_b": "pet wellness",
      "correlation": 0.8981
    },
    {
      "keyword_a": "dog photography",
      "keyword_b": "dog toys",
      "correlation": 0.8916
    },
    {
      "keyword_a": "dog food delivery",
      "keyword_b": "pet tech",
      "correlation": 0.8757
    }
  ],
  "stats": {
    "mean_correlation": 0.3536,
    "median_correlation": 0.3351,
    "min_correlation": -0.3279,
    "max_correlation": 0.9588,
    "positive_pairs_count": 218,
    "negative_pairs_count": 82
  }
}